0.446581 0.396550
0.385661 0.334865
0.438021 0.319694
0.389214 0.445529
0.429048 0.410116
0.466138 0.440508
0.321420 0.384885
0.342195 0.457144
0.404932 0.458534
0.500230 0.465091
0.434463 0.448616
0.380796 0.472951
0.415249 0.449947
0.381557 0.412065
0.385238 0.469835
0.416511 0.414974
0.455601 0.457160
0.394672 0.388631
0.480880 0.444527
0.310312 0.391025
0.523739 0.322032
0.374409 0.528110
0.423566 0.514513
0.393605 0.396383
0.403219 0.440179
0.504759 0.400403
0.424714 0.385217
0.416987 0.410905
0.393409 0.420980
0.429657 0.480905
0.402610 0.360545
0.406056 0.330139
0.417873 0.496715
0.437977 0.341658
0.367986 0.454441
0.400478 0.343367
0.391426 0.528334
0.364896 0.376978
0.440139 0.396617
0.404898 0.353568
0.500707 0.454523
0.393094 0.441613
0.401223 0.355269
0.419040 0.421332
0.388149 0.391268
0.356021 0.396495
0.484066 0.389366
0.434777 0.400315
0.431650 0.286748
0.447308 0.351699
0.450214 0.399288
0.499563 0.354548
0.424153 0.429320
0.493211 0.330698
0.269853 0.499928
0.412274 0.373064
0.326315 0.385354
0.343445 0.419211
0.471144 0.444130
0.394789 0.305888
0.512843 0.349230
0.516489 0.410302
0.309045 0.322347
0.329240 0.338597
0.490313 0.474977
0.357716 0.361989
0.360483 0.455735
0.444223 0.412040
0.417292 0.371095
0.428823 0.428125
0.354207 0.446578
0.410348 0.501790
0.349881 0.390676
0.303446 0.391841
0.390948 0.359356
0.472782 0.422304
0.280580 0.353844
0.345789 0.309218
0.411977 0.371063
0.359948 0.395591
0.382225 0.467002
0.401138 0.381860
0.360566 0.429079
0.433860 0.382964
0.387708 0.496407
0.318451 0.412719
0.447827 0.512993
0.332720 0.439709
0.321133 0.444451
0.446633 0.415938
0.384849 0.437868
0.370285 0.479028
0.452360 0.414902
0.377067 0.421275
0.420979 0.399623
0.399584 0.352160
0.421872 0.507219
0.368272 0.383715
0.422472 0.427966
0.345083 0.386786
