0.277386 0.364110
0.246492 0.390551
0.240410 0.374675
0.313993 0.493199
0.240355 0.407139
0.202583 0.364791
0.214779 0.504534
0.305584 0.454418
0.246056 0.457108
0.214769 0.359904
0.293028 0.413710
0.276136 0.501854
0.234620 0.442433
0.193892 0.489820
0.173478 0.364665
0.290383 0.417328
0.199978 0.410787
0.142904 0.488868
0.237086 0.381192
0.253640 0.476276
0.276755 0.405326
0.235274 0.392749
0.322219 0.400263
0.230108 0.482933
0.283287 0.384576
0.279092 0.492023
0.212384 0.397170
0.200191 0.396333
0.323158 0.436009
0.215370 0.415558
0.270349 0.528509
0.207443 0.498059
0.244632 0.447339
0.311793 0.428904
0.346367 0.437241
0.193734 0.387941
0.229145 0.490426
0.301966 0.347430
0.267108 0.397622
0.269896 0.457876
0.266820 0.573752
0.177855 0.486524
0.182997 0.480331
0.201585 0.377508
0.357471 0.483293
0.254102 0.384947
0.256019 0.452701
0.217866 0.421893
0.275920 0.441432
0.239099 0.408542
0.254501 0.403179
0.265518 0.366069
0.248589 0.485383
0.310265 0.408562
0.200243 0.536716
0.257305 0.455409
0.244993 0.478639
0.207516 0.442958
0.280950 0.561460
0.170939 0.431888
0.257490 0.452298
0.292903 0.413816
0.164267 0.457251
0.157550 0.442852
0.273113 0.443842
0.232358 0.462130
0.255646 0.489566
0.265780 0.459852
0.312237 0.493361
0.269104 0.431357
0.296918 0.407711
0.285909 0.439485
0.309588 0.503775
0.319917 0.500612
0.279619 0.547811
0.324891 0.513011
0.243007 0.444575
0.254272 0.346327
0.288820 0.421130
0.232374 0.409860
0.272327 0.504849
0.337000 0.414606
0.158596 0.429012
0.219957 0.446573
0.291195 0.482477
0.303116 0.482181
0.260064 0.415456
0.117280 0.459459
0.178005 0.456770
0.299871 0.416795
0.243087 0.484946
0.189862 0.424574
0.338859 0.392915
0.250536 0.495838
0.205243 0.464329
0.194102 0.439302
0.275123 0.416838
0.279388 0.421959
0.288365 0.387042
0.310134 0.498828
