0.205243 0.464329
0.275920 0.441432
0.360483 0.455735
0.411977 0.371063
0.200243 0.536716
0.276755 0.405326
0.246056 0.457108
0.434463 0.448616
0.429657 0.480905
0.356021 0.396495
0.394672 0.388631
0.117280 0.459459
0.275123 0.416838
0.471144 0.444130
0.303116 0.482181
0.305584 0.454418
0.279388 0.421959
0.417873 0.496715
0.450214 0.399288
0.309588 0.503775
0.313993 0.493199
0.193892 0.489820
0.399584 0.352160
0.292903 0.413816
0.240410 0.374675
0.214769 0.359904
0.512843 0.349230
0.257305 0.455409
0.170939 0.431888
0.406056 0.330139
0.250536 0.495838
0.382225 0.467002
0.217866 0.421893
0.257490 0.452298
0.437977 0.341658
0.364896 0.376978
0.291195 0.482477
0.500707 0.454523
0.421872 0.507219
0.207516 0.442958
0.410348 0.501790
0.194102 0.439302
0.164267 0.457251
0.280950 0.561460
0.480880 0.444527
0.323158 0.436009
0.232374 0.409860
0.401223 0.355269
0.244993 0.478639
0.357716 0.361989
0.446581 0.396550
0.296918 0.407711
0.387708 0.496407
0.200191 0.396333
0.232358 0.462130
0.393094 0.441613
0.431650 0.286748
0.504759 0.400403
0.288820 0.421130
0.293028 0.413710
0.279092 0.492023
0.230108 0.482933
0.254102 0.384947
0.438021 0.319694
0.279619 0.547811
0.248589 0.485383
0.237086 0.381192
0.254501 0.403179
0.402610 0.360545
0.401138 0.381860
0.412274 0.373064
0.256019 0.452701
0.444223 0.412040
0.246492 0.390551
0.265780 0.459852
0.452360 0.414902
0.310134 0.498828
0.447827 0.512993
0.255646 0.489566
0.360566 0.429079
0.193734 0.387941
0.177855 0.486524
0.357471 0.483293
0.440139 0.396617
0.182997 0.480331
0.499563 0.354548
0.423566 0.514513
0.385661 0.334865
0.199978 0.410787
0.400478 0.343367
0.269104 0.431357
0.178005 0.456770
0.516489 0.410302
0.285909 0.439485
0.359948 0.395591
0.277386 0.364110
0.484066 0.389366
0.393409 0.420980
0.455601 0.457160
0.466138 0.440508
0.157550 0.442852
0.269896 0.457876
0.523739 0.322032
0.215370 0.415558
0.415249 0.449947
0.429048 0.410116
0.377067 0.421275
0.202583 0.364791
0.384849 0.437868
0.500230 0.465091
0.389214 0.445529
0.493211 0.330698
0.346367 0.437241
0.374409 0.528110
0.417292 0.371095
0.381557 0.412065
0.394789 0.305888
0.490313 0.474977
0.390948 0.359356
0.404932 0.458534
0.283287 0.384576
0.472782 0.422304
0.337000 0.414606
0.243007 0.444575
0.388149 0.391268
0.420979 0.399623
0.201585 0.377508
0.290383 0.417328
0.260064 0.415456
0.244632 0.447339
0.253640 0.476276
0.393605 0.396383
0.189862 0.424574
0.322219 0.400263
0.265518 0.366069
0.266820 0.573752
0.312237 0.493361
0.433860 0.382964
0.254272 0.346327
0.324891 0.513011
0.240355 0.407139
0.173478 0.364665
0.367986 0.454441
0.311793 0.428904
0.424714 0.385217
0.424153 0.429320
0.416987 0.410905
0.273113 0.443842
0.434777 0.400315
0.447308 0.351699
0.403219 0.440179
0.446633 0.415938
0.385238 0.469835
0.267108 0.397622
0.212384 0.397170
0.428823 0.428125
0.404898 0.353568
0.368272 0.383715
0.354207 0.446578
0.338859 0.392915
0.229145 0.490426
0.416511 0.414974
0.301966 0.347430
0.380796 0.472951
0.299871 0.416795
0.239099 0.408542
0.319917 0.500612
0.370285 0.479028
0.419040 0.421332
0.272327 0.504849
0.270349 0.528509
0.214779 0.504534
0.234620 0.442433
0.142904 0.488868
0.276136 0.501854
0.310265 0.408562
0.219957 0.446573
0.207443 0.498059
0.235274 0.392749
0.158596 0.429012
0.391426 0.528334
0.422472 0.427966
0.288365 0.387042
0.243087 0.484946
